26 2 7 6 30 25
3 9 8 7 1 26 
28 4 9 2 26 27 
5 11 10 9 3 28 
30 6 11 4 28 29 
1 7 12 11 5 30 
2 8 13 12 6 1 
9 15 14 13 7 2 
4 10 15 8 2 3 
11 17 16 15 9 4 
6 12 17 10 4 5 
7 13 18 17 10 11 
8 14 19 18 12 7 
15 21 20 19 13 8 
10 26 21 14 8 9 
17 23 22 21 15 10 
12 18 23 16 10 11 
13 19 24 23 17 12 
14 20 25 24 18 13 
21 27 26 25 19 14 
16 22 27 20 14 15 
23 29 28 27 21 16
18 24 29 22 16 17
19 25 30 29 23 18
20 26 1 30 24 19
27 3 2 1 25 20 
22 28 3 26 20 21
29 5 4 3 27 22 
24 30 5 28 22 23 
25 1 6 5 29 24 
